0000000000000000000000000000000000000000
0000000000000000000000000000000000000000
0000000000000000000000000000000000000000
0000000000000000000000000000000000000000
0000000000000000000000000000000000000000
0000000000001111111000000000000000000000
0000000000001000001100000000000000000000
0000000000001100000100000000000000000000
0000000000011111111111111111000000000000
0000000000110000000000000001100000000000
0000000001100000000000000000100000000000
0000000001000000000000000000100000000000
0000000010000000000000000001100000000000
0000000110000001100000000111000000000000
0000000100000011110000000110000000000000
0000000100000010010000000010000000000000
0000000100000010010000000010000000000000
0000000100000010010000000011000000000000
0000000100000010010000000001100000000000
0000000100000010010000000000100000000000
0000000110000010010000000001100000000000
0000000011100100010000000001000000000000
0000000000111111111111111111000000000000
0000000000000000000000000000000000000000
0000000000000000000000000000000000000000
0000000000000000000000000000000000000000
0000000000000000000000000000000000000000
0000000000000000000000000000000000000000
0000000000000000000000000000000000000000
0000000000000000000000000000000000000000
0000000000000000000000000000000000000000
0000000000000000000000000000000000000000
0000000000000000000000000000000000000000
0000000000000000000000000000000000000000
0000000000000000000000000000000000000000
0000000000000000000000000000000000000000
0000000000000000000000000000000000000000
0000000000000000000000000000000000000000
0000000000000000000000000000000000000000
0000000000000000000000000000000000000000
